d1 = 0.6;
d2 = 0.8;
d3 = 0.1;
m = 2.1;
J = 0.0948;
a = 0.4;

A = [   -d1/m,  0,      0;
        0,      -d2/m,  0;   
        0,      0,      -d3/J];

B = [0, 0, 0;
     0, 0, 0;
     0, 0, 0];
